<     0.118     0.173     0.228     0.282     0.336     0.389     0.440     0.490     0.539     0.585     0.630     0.672     0.712     0.749     0.784     0.815     0.844     0.869     0.892     0.910     0.926     0.938     0.946     0.950     0.951     0.949     0.942     0.932     0.919     0.902     0.881     0.857     0.830     0.799     0.765     0.729     0.689     0.647     0.603     0.555     0.506     0.455     0.402     0.348     0.292     0.235     0.177     0.118     0.059     0.173     0.221     0.269     0.317     0.364     0.410     0.456     0.500     0.543     0.585     0.624     0.662     0.697     0.731     0.761     0.790     0.815     0.837     0.857     0.873     0.886     0.896     0.903     0.906     0.906     0.903     0.896     0.886     0.873     0.856     0.836     0.813     0.786     0.757     0.725     0.690     0.652     0.612     0.570     0.525     0.479     0.430     0.380     0.329     0.276     0.222     0.167     0.112     0.056     0.228     0.269     0.310     0.351     0.392     0.433     0.473     0.512     0.549     0.586     0.621     0.654     0.685     0.715     0.742     0.766     0.789     0.808     0.825     0.839     0.850     0.859     0.864     0.866     0.865     0.861     0.853     0.843     0.830     0.813     0.794     0.771     0.746     0.718     0.687     0.654     0.618     0.580     0.540     0.497     0.453     0.407     0.360     0.311     0.261     0.210     0.158     0.106     0.053     0.282     0.317     0.351     0.386     0.421     0.456     0.491     0.524     0.557     0.589     0.619     0.648     0.675     0.701     0.724     0.746     0.765     0.782     0.796     0.808     0.817     0.824     0.827     0.828     0.826     0.822     0.814     0.803     0.790     0.774     0.755     0.733     0.708     0.681     0.652     0.620     0.586     0.550     0.511     0.471     0.429     0.386     0.341     0.294     0.247     0.199     0.150     0.100     0.050     0.336     0.364     0.392     0.421     0.451     0.480     0.509     0.538     0.566     0.593     0.619     0.644     0.667     0.689     0.709     0.727     0.744     0.758     0.770     0.780     0.787     0.792     0.794     0.794     0.791     0.785     0.777     0.766     0.753     0.737     0.718     0.697     0.673     0.647     0.619     0.589     0.556     0.521     0.485     0.447     0.407     0.365     0.323     0.279     0.234     0.188     0.142     0.095     0.047     0.389     0.410     0.433     0.456     0.480     0.504     0.528     0.552     0.575     0.598     0.620     0.641     0.660     0.679     0.696     0.711     0.725     0.736     0.746     0.754     0.759     0.762     0.763     0.762     0.758     0.752     0.743     0.732     0.718     0.702     0.684     0.664     0.641     0.616     0.588     0.559     0.528     0.495     0.460     0.424     0.386     0.346     0.306     0.264     0.222     0.178     0.134     0.090     0.045     0.440     0.456     0.473     0.491     0.509     0.528     0.547     0.566     0.585     0.604     0.622     0.639     0.655     0.670     0.684     0.696     0.707     0.717     0.724     0.730     0.733     0.735     0.735     0.732     0.727     0.720     0.711     0.700     0.686     0.671     0.653     0.632     0.610     0.586     0.560     0.532     0.502     0.470     0.437     0.402     0.366     0.329     0.290     0.251     0.210     0.169     0.127     0.085     0.043     0.490     0.500     0.512     0.524     0.538     0.552     0.566     0.581     0.596     0.610     0.624     0.638     0.651     0.663     0.674     0.683     0.692     0.699     0.704     0.708     0.710     0.710     0.708     0.705     0.699     0.691     0.682     0.670     0.656     0.641     0.623     0.603     0.582     0.558     0.533     0.506     0.478     0.447     0.416     0.382     0.348     0.312     0.276     0.238     0.200     0.161     0.121     0.081     0.040     0.539     0.543     0.549     0.557     0.566     0.575     0.585     0.596     0.606     0.617     0.628     0.638     0.647     0.656     0.664     0.671     0.677     0.682     0.686     0.687     0.688     0.687     0.684     0.679     0.673     0.664     0.654     0.642     0.629     0.613     0.596     0.576     0.555     0.533     0.508     0.482     0.455     0.426     0.395     0.364     0.331     0.297     0.262     0.226     0.190     0.153     0.115     0.077     0.038     0.585     0.585     0.586     0.589     0.593     0.598     0.604     0.610     0.617     0.624     0.631     0.638     0.645     0.651     0.656     0.661     0.664     0.667     0.669     0.669     0.668     0.665     0.661     0.655     0.648     0.639     0.629     0.617     0.603     0.587     0.570     0.551     0.531     0.509     0.485     0.460     0.433     0.406     0.377     0.346     0.315     0.282     0.249     0.215     0.180     0.145     0.109     0.073     0.037     0.630     0.624     0.621     0.619     0.619     0.620     0.622     0.624     0.628     0.631     0.635     0.639     0.643     0.646     0.649     0.651     0.653     0.653     0.653     0.651     0.649     0.645     0.640     0.633     0.625     0.616     0.605     0.592     0.578     0.563     0.546     0.527     0.507     0.486     0.463     0.439     0.413     0.387     0.359     0.330     0.300     0.269     0.237     0.205     0.172     0.138     0.104     0.069     0.035     0.672     0.662     0.654     0.648     0.644     0.641     0.639     0.638     0.638     0.638     0.639     0.640     0.641     0.642     0.642     0.642     0.642     0.640     0.638     0.635     0.631     0.626     0.620     0.612     0.604     0.594     0.582     0.570     0.556     0.540     0.523     0.505     0.486     0.465     0.443     0.419     0.395     0.369     0.342     0.314     0.286     0.256     0.226     0.195     0.163     0.131     0.099     0.066     0.033     0.712     0.697     0.685     0.675     0.667     0.660     0.655     0.651     0.647     0.645     0.643     0.641     0.639     0.638     0.636     0.634     0.631     0.628     0.624     0.620     0.615     0.609     0.601     0.593     0.584     0.573     0.561     0.548     0.534     0.519     0.502     0.484     0.465     0.445     0.423     0.401     0.377     0.352     0.327     0.300     0.273     0.244     0.215     0.186     0.156     0.125     0.094     0.063     0.031     0.749     0.731     0.715     0.701     0.689     0.679     0.670     0.663     0.656     0.651     0.646     0.642     0.638     0.634     0.630     0.626     0.621     0.617     0.612     0.606     0.599     0.592     0.584     0.575     0.565     0.554     0.542     0.528     0.514     0.499     0.482     0.465     0.446     0.426     0.405     0.383     0.361     0.337     0.312     0.286     0.260     0.233     0.205     0.177     0.148     0.119     0.090     0.060     0.030     0.784     0.761     0.742     0.724     0.709     0.696     0.684     0.674     0.664     0.656     0.649     0.642     0.636     0.630     0.624     0.618     0.612     0.606     0.599     0.592     0.584     0.576     0.567     0.557     0.547     0.535     0.523     0.510     0.495     0.480     0.463     0.446     0.428     0.408     0.388     0.367     0.345     0.322     0.298     0.274     0.248     0.222     0.196     0.169     0.142     0.114     0.086     0.057     0.029     0.815     0.790     0.766     0.746     0.727     0.711     0.696     0.683     0.671     0.661     0.651     0.642     0.634     0.626     0.618     0.610     0.603     0.595     0.587     0.579     0.570     0.561     0.551     0.541     0.530     0.518     0.505     0.492     0.477     0.462     0.446     0.429     0.411     0.392     0.372     0.351     0.330     0.308     0.285     0.262     0.237     0.212     0.187     0.161     0.135     0.108     0.082     0.055     0.027     0.844     0.815     0.789     0.765     0.744     0.725     0.707     0.692     0.677     0.664     0.653     0.642     0.631     0.621     0.612     0.603     0.594     0.585     0.576     0.566     0.557     0.547     0.536     0.525     0.513     0.501     0.488     0.474     0.460     0.445     0.429     0.412     0.394     0.376     0.357     0.337     0.316     0.295     0.273     0.250     0.227     0.203     0.179     0.154     0.129     0.104     0.078     0.052     0.026     0.869     0.837     0.808     0.782     0.758     0.736     0.717     0.699     0.682     0.667     0.653     0.640     0.628     0.617     0.606     0.595     0.585     0.575     0.564     0.554     0.544     0.533     0.522     0.510     0.498     0.485     0.472     0.458     0.444     0.428     0.413     0.396     0.379     0.361     0.342     0.323     0.303     0.282     0.261     0.239     0.217     0.194     0.171     0.147     0.123     0.099     0.074     0.050     0.025     0.892     0.857     0.825     0.796     0.770     0.746     0.724     0.704     0.686     0.669     0.653     0.638     0.624     0.612     0.599     0.587     0.576     0.564     0.553     0.542     0.531     0.519     0.507     0.495     0.483     0.470     0.456     0.442     0.428     0.413     0.397     0.381     0.364     0.346     0.328     0.310     0.290     0.270     0.250     0.229     0.207     0.185     0.163     0.141     0.118     0.094     0.071     0.047     0.024     0.910     0.873     0.839     0.808     0.780     0.754     0.730     0.708     0.687     0.669     0.651     0.635     0.620     0.606     0.592     0.579     0.566     0.554     0.542     0.530     0.518     0.506     0.493     0.481     0.468     0.455     0.441     0.427     0.413     0.398     0.382     0.366     0.350     0.333     0.315     0.297     0.278     0.259     0.239     0.219     0.198     0.177     0.156     0.134     0.112     0.090     0.068     0.045     0.023     0.926     0.886     0.850     0.817     0.787     0.759     0.733     0.710     0.688     0.668     0.649     0.631     0.615     0.599     0.584     0.570     0.557     0.544     0.531     0.518     0.505     0.493     0.480     0.467     0.454     0.440     0.427     0.413     0.398     0.383     0.368     0.352     0.336     0.319     0.302     0.285     0.266     0.248     0.229     0.210     0.190     0.170     0.149     0.128     0.107     0.086     0.065     0.043     0.022     0.938     0.896     0.859     0.824     0.792     0.762     0.735     0.710     0.687     0.665     0.645     0.626     0.609     0.592     0.576     0.561     0.547     0.533     0.519     0.506     0.493     0.479     0.466     0.453     0.440     0.426     0.412     0.398     0.384     0.369     0.354     0.339     0.323     0.307     0.290     0.273     0.255     0.237     0.219     0.200     0.181     0.162     0.143     0.123     0.103     0.082     0.062     0.041     0.021     0.946     0.903     0.864     0.827     0.794     0.763     0.735     0.708     0.684     0.661     0.640     0.620     0.601     0.584     0.567     0.551     0.536     0.522     0.507     0.493     0.480     0.466     0.453     0.439     0.426     0.412     0.399     0.385     0.370     0.356     0.341     0.326     0.310     0.294     0.278     0.262     0.245     0.227     0.210     0.192     0.173     0.155     0.136     0.117     0.098     0.079     0.059     0.039     0.020     0.950     0.906     0.866     0.828     0.794     0.762     0.732     0.705     0.679     0.655     0.633     0.612     0.593     0.575     0.557     0.541     0.525     0.510     0.495     0.481     0.467     0.453     0.439     0.426     0.412     0.399     0.385     0.371     0.357     0.342     0.328     0.313     0.298     0.282     0.267     0.251     0.234     0.218     0.201     0.183     0.166     0.148     0.130     0.112     0.094     0.075     0.056     0.038     0.019     0.951     0.906     0.865     0.826     0.791     0.758     0.727     0.699     0.673     0.648     0.625     0.604     0.584     0.565     0.547     0.530     0.513     0.498     0.483     0.468     0.454     0.440     0.426     0.412     0.399     0.385     0.371     0.357     0.343     0.329     0.315     0.300     0.286     0.271     0.255     0.240     0.224     0.208     0.192     0.175     0.158     0.141     0.124     0.107     0.089     0.072     0.054     0.036     0.018     0.949     0.903     0.861     0.822     0.785     0.752     0.720     0.691     0.664     0.639     0.616     0.594     0.573     0.554     0.535     0.518     0.501     0.485     0.470     0.455     0.440     0.426     0.412     0.399     0.385     0.371     0.358     0.344     0.330     0.316     0.302     0.288     0.274     0.259     0.245     0.230     0.214     0.199     0.183     0.167     0.151     0.135     0.118     0.102     0.085     0.068     0.051     0.034     0.017     0.942     0.896     0.853     0.814     0.777     0.743     0.711     0.682     0.654     0.629     0.605     0.582     0.561     0.542     0.523     0.505     0.488     0.472     0.456     0.441     0.427     0.412     0.399     0.385     0.371     0.358     0.344     0.331     0.317     0.304     0.290     0.276     0.262     0.248     0.234     0.219     0.205     0.190     0.175     0.160     0.144     0.129     0.113     0.097     0.081     0.065     0.049     0.033     0.016     0.932     0.886     0.843     0.803     0.766     0.732     0.700     0.670     0.642     0.617     0.592     0.570     0.548     0.528     0.510     0.492     0.474     0.458     0.442     0.427     0.413     0.398     0.385     0.371     0.357     0.344     0.331     0.318     0.304     0.291     0.278     0.264     0.251     0.237     0.223     0.209     0.195     0.181     0.167     0.152     0.137     0.122     0.107     0.092     0.077     0.062     0.046     0.031     0.015     0.919     0.873     0.830     0.790     0.753     0.718     0.686     0.656     0.629     0.603     0.578     0.556     0.534     0.514     0.495     0.477     0.460     0.444     0.428     0.413     0.398     0.384     0.370     0.357     0.343     0.330     0.317     0.304     0.291     0.278     0.266     0.253     0.239     0.226     0.213     0.200     0.186     0.172     0.159     0.145     0.131     0.116     0.102     0.088     0.073     0.059     0.044     0.029     0.015     0.902     0.856     0.813     0.774     0.737     0.702     0.671     0.641     0.613     0.587     0.563     0.540     0.519     0.499     0.480     0.462     0.445     0.428     0.413     0.398     0.383     0.369     0.356     0.342     0.329     0.316     0.304     0.291     0.278     0.266     0.253     0.241     0.228     0.215     0.203     0.190     0.177     0.164     0.151     0.137     0.124     0.111     0.097     0.083     0.069     0.056     0.042     0.028     0.014     0.881     0.836     0.794     0.755     0.718     0.684     0.653     0.623     0.596     0.570     0.546     0.523     0.502     0.482     0.463     0.446     0.429     0.413     0.397     0.382     0.368     0.354     0.341     0.328     0.315     0.302     0.290     0.278     0.266     0.253     0.241     0.229     0.217     0.205     0.193     0.180     0.168     0.155     0.143     0.130     0.118     0.105     0.092     0.079     0.066     0.053     0.040     0.026     0.013     0.857     0.813     0.771     0.733     0.697     0.664     0.632     0.603     0.576     0.551     0.527     0.505     0.484     0.465     0.446     0.429     0.412     0.396     0.381     0.366     0.352     0.339     0.326     0.313     0.300     0.288     0.276     0.264     0.253     0.241     0.229     0.217     0.206     0.194     0.183     0.171     0.159     0.147     0.135     0.123     0.111     0.099     0.087     0.074     0.062     0.050     0.037     0.025     0.012     0.830     0.786     0.746     0.708     0.673     0.641     0.610     0.582     0.555     0.531     0.507     0.486     0.465     0.446     0.428     0.411     0.394     0.379     0.364     0.350     0.336     0.323     0.310     0.298     0.286     0.274     0.262     0.251     0.239     0.228     0.217     0.206     0.195     0.184     0.172     0.161     0.150     0.139     0.128     0.116     0.105     0.093     0.082     0.070     0.059     0.047     0.035     0.023     0.012     0.799     0.757     0.718     0.681     0.647     0.616     0.586     0.558     0.533     0.509     0.486     0.465     0.445     0.426     0.408     0.392     0.376     0.361     0.346     0.333     0.319     0.307     0.294     0.282     0.271     0.259     0.248     0.237     0.226     0.215     0.205     0.194     0.184     0.173     0.162     0.152     0.141     0.131     0.120     0.109     0.098     0.088     0.077     0.066     0.055     0.044     0.033     0.022     0.011     0.765     0.725     0.687     0.652     0.619     0.588     0.560     0.533     0.508     0.485     0.463     0.443     0.423     0.405     0.388     0.372     0.357     0.342     0.328     0.315     0.302     0.290     0.278     0.267     0.255     0.245     0.234     0.223     0.213     0.203     0.193     0.183     0.172     0.162     0.152     0.142     0.132     0.122     0.112     0.102     0.092     0.082     0.072     0.062     0.051     0.041     0.031     0.021     0.010     0.729     0.690     0.654     0.620     0.589     0.559     0.532     0.506     0.482     0.460     0.439     0.419     0.401     0.383     0.367     0.351     0.337     0.323     0.310     0.297     0.285     0.273     0.262     0.251     0.240     0.230     0.219     0.209     0.200     0.190     0.180     0.171     0.161     0.152     0.142     0.133     0.124     0.114     0.105     0.096     0.086     0.077     0.067     0.058     0.048     0.038     0.029     0.019     0.010     0.689     0.652     0.618     0.586     0.556     0.528     0.502     0.478     0.455     0.433     0.413     0.395     0.377     0.361     0.345     0.330     0.316     0.303     0.290     0.278     0.266     0.255     0.245     0.234     0.224     0.214     0.205     0.195     0.186     0.177     0.168     0.159     0.150     0.141     0.132     0.124     0.115     0.106     0.097     0.089     0.080     0.071     0.062     0.053     0.045     0.036     0.027     0.018     0.009     0.647     0.612     0.580     0.550     0.521     0.495     0.470     0.447     0.426     0.406     0.387     0.369     0.352     0.337     0.322     0.308     0.295     0.282     0.270     0.259     0.248     0.237     0.227     0.218     0.208     0.199     0.190     0.181     0.172     0.164     0.155     0.147     0.139     0.131     0.122     0.114     0.106     0.098     0.090     0.082     0.074     0.066     0.057     0.049     0.041     0.033     0.025     0.016     0.008     0.603     0.570     0.540     0.511     0.485     0.460     0.437     0.416     0.395     0.377     0.359     0.342     0.327     0.312     0.298     0.285     0.273     0.261     0.250     0.239     0.229     0.219     0.210     0.201     0.192     0.183     0.175     0.167     0.159     0.151     0.143     0.135     0.128     0.120     0.112     0.105     0.097     0.090     0.083     0.075     0.068     0.060     0.053     0.045     0.038     0.030     0.023     0.015     0.008     0.555     0.525     0.497     0.471     0.447     0.424     0.402     0.382     0.364     0.346     0.330     0.314     0.300     0.286     0.274     0.262     0.250     0.239     0.229     0.219     0.210     0.200     0.192     0.183     0.175     0.167     0.160     0.152     0.145     0.137     0.130     0.123     0.116     0.109     0.102     0.096     0.089     0.082     0.075     0.068     0.061     0.055     0.048     0.041     0.034     0.027     0.021     0.014     0.007     0.506     0.479     0.453     0.429     0.407     0.386     0.366     0.348     0.331     0.315     0.300     0.286     0.273     0.260     0.248     0.237     0.227     0.217     0.207     0.198     0.190     0.181     0.173     0.166     0.158     0.151     0.144     0.137     0.131     0.124     0.118     0.111     0.105     0.098     0.092     0.086     0.080     0.074     0.068     0.061     0.055     0.049     0.043     0.037     0.031     0.025     0.018     0.012     0.006     0.455     0.430     0.407     0.386     0.365     0.346     0.329     0.312     0.297     0.282     0.269     0.256     0.244     0.233     0.222     0.212     0.203     0.194     0.185     0.177     0.170     0.162     0.155     0.148     0.141     0.135     0.129     0.122     0.116     0.111     0.105     0.099     0.093     0.088     0.082     0.077     0.071     0.066     0.060     0.055     0.049     0.044     0.038     0.033     0.027     0.022     0.016     0.011     0.005     0.402     0.380     0.360     0.341     0.323     0.306     0.290     0.276     0.262     0.249     0.237     0.226     0.215     0.205     0.196     0.187     0.179     0.171     0.163     0.156     0.149     0.143     0.136     0.130     0.124     0.118     0.113     0.107     0.102     0.097     0.092     0.087     0.082     0.077     0.072     0.067     0.062     0.057     0.053     0.048     0.043     0.038     0.033     0.029     0.024     0.019     0.014     0.010     0.005     0.348     0.329     0.311     0.294     0.279     0.264     0.251     0.238     0.226     0.215     0.205     0.195     0.186     0.177     0.169     0.161     0.154     0.147     0.141     0.134     0.128     0.123     0.117     0.112     0.107     0.102     0.097     0.092     0.088     0.083     0.079     0.074     0.070     0.066     0.062     0.058     0.053     0.049     0.045     0.041     0.037     0.033     0.029     0.025     0.021     0.016     0.012     0.008     0.004     0.292     0.276     0.261     0.247     0.234     0.222     0.210     0.200     0.190     0.180     0.172     0.163     0.156     0.148     0.142     0.135     0.129     0.123     0.118     0.112     0.107     0.103     0.098     0.094     0.089     0.085     0.081     0.077     0.073     0.069     0.066     0.062     0.059     0.055     0.051     0.048     0.045     0.041     0.038     0.034     0.031     0.027     0.024     0.021     0.017     0.014     0.010     0.007     0.003     0.235     0.222     0.210     0.199     0.188     0.178     0.169     0.161     0.153     0.145     0.138     0.131     0.125     0.119     0.114     0.108     0.104     0.099     0.094     0.090     0.086     0.082     0.079     0.075     0.072     0.068     0.065     0.062     0.059     0.056     0.053     0.050     0.047     0.044     0.041     0.038     0.036     0.033     0.030     0.027     0.025     0.022     0.019     0.016     0.014     0.011     0.008     0.005     0.003     0.177     0.167     0.158     0.150     0.142     0.134     0.127     0.121     0.115     0.109     0.104     0.099     0.094     0.090     0.086     0.082     0.078     0.074     0.071     0.068     0.065     0.062     0.059     0.056     0.054     0.051     0.049     0.046     0.044     0.042     0.040     0.037     0.035     0.033     0.031     0.029     0.027     0.025     0.023     0.021     0.018     0.016     0.014     0.012     0.010     0.008     0.006     0.004     0.002     0.118     0.112     0.106     0.100     0.095     0.090     0.085     0.081     0.077     0.073     0.069     0.066     0.063     0.060     0.057     0.055     0.052     0.050     0.047     0.045     0.043     0.041     0.039     0.038     0.036     0.034     0.033     0.031     0.029     0.028     0.026     0.025     0.023     0.022     0.021     0.019     0.018     0.016     0.015     0.014     0.012     0.011     0.010     0.008     0.007     0.005     0.004     0.003     0.001     0.059     0.056     0.053     0.050     0.047     0.045     0.043     0.040     0.038     0.037     0.035     0.033     0.031     0.030     0.029     0.027     0.026     0.025     0.024     0.023     0.022     0.021     0.020     0.019     0.018     0.017     0.016     0.015     0.015     0.014     0.013     0.012     0.012     0.011     0.010     0.010     0.009     0.008     0.008     0.007     0.006     0.005     0.005     0.004     0.003     0.003     0.002     0.001     0.001     >

