<     0.118     0.173     0.228     0.282     0.336     0.389     0.440     0.491     0.539     0.586     0.630     0.673     0.712     0.750     0.784     0.816     0.845     0.870     0.892     0.911     0.926     0.938     0.946     0.951     0.952     0.949     0.943     0.933     0.919     0.902     0.882     0.858     0.830     0.800     0.766     0.729     0.690     0.648     0.603     0.556     0.507     0.455     0.403     0.348     0.292     0.235     0.177     0.118     0.059     0.173     0.221     0.269     0.317     0.364     0.411     0.456     0.501     0.544     0.585     0.625     0.663     0.699     0.732     0.763     0.791     0.816     0.839     0.858     0.875     0.888     0.898     0.904     0.908     0.908     0.904     0.898     0.887     0.874     0.857     0.837     0.814     0.788     0.758     0.726     0.691     0.653     0.613     0.571     0.526     0.479     0.431     0.381     0.329     0.276     0.222     0.167     0.112     0.056     0.228     0.269     0.311     0.352     0.393     0.434     0.474     0.513     0.551     0.587     0.622     0.655     0.687     0.716     0.743     0.768     0.790     0.810     0.827     0.841     0.852     0.861     0.866     0.868     0.867     0.863     0.855     0.845     0.832     0.815     0.796     0.773     0.748     0.720     0.689     0.655     0.619     0.581     0.541     0.498     0.454     0.408     0.361     0.312     0.261     0.210     0.158     0.106     0.053     0.282     0.317     0.352     0.387     0.422     0.457     0.492     0.526     0.558     0.590     0.621     0.650     0.677     0.703     0.727     0.748     0.767     0.784     0.799     0.811     0.820     0.826     0.830     0.831     0.829     0.824     0.816     0.806     0.792     0.776     0.757     0.735     0.711     0.684     0.654     0.622     0.588     0.551     0.513     0.473     0.430     0.387     0.342     0.295     0.248     0.199     0.150     0.100     0.050     0.336     0.364     0.393     0.422     0.452     0.481     0.510     0.539     0.567     0.595     0.621     0.646     0.670     0.692     0.712     0.730     0.747     0.761     0.773     0.783     0.790     0.795     0.797     0.797     0.794     0.789     0.780     0.769     0.756     0.740     0.721     0.700     0.676     0.650     0.622     0.591     0.558     0.524     0.487     0.448     0.408     0.367     0.324     0.280     0.235     0.189     0.142     0.095     0.048     0.389     0.411     0.434     0.457     0.481     0.505     0.530     0.554     0.577     0.600     0.622     0.643     0.663     0.682     0.699     0.714     0.728     0.740     0.750     0.757     0.763     0.766     0.767     0.766     0.762     0.756     0.747     0.736     0.722     0.706     0.688     0.667     0.644     0.619     0.592     0.562     0.531     0.498     0.463     0.426     0.388     0.348     0.308     0.266     0.223     0.179     0.135     0.090     0.045     0.440     0.456     0.474     0.492     0.510     0.530     0.549     0.569     0.588     0.606     0.625     0.642     0.658     0.674     0.688     0.700     0.711     0.721     0.728     0.734     0.738     0.739     0.739     0.737     0.732     0.725     0.716     0.704     0.691     0.675     0.657     0.637     0.614     0.590     0.564     0.535     0.505     0.473     0.440     0.405     0.369     0.331     0.292     0.252     0.212     0.170     0.128     0.086     0.043     0.491     0.501     0.513     0.526     0.539     0.554     0.569     0.584     0.599     0.613     0.628     0.642     0.655     0.667     0.678     0.688     0.696     0.703     0.709     0.713     0.715     0.715     0.713     0.710     0.704     0.697     0.687     0.675     0.661     0.646     0.628     0.608     0.586     0.563     0.537     0.510     0.481     0.451     0.419     0.385     0.351     0.315     0.278     0.240     0.201     0.162     0.122     0.081     0.041     0.539     0.544     0.551     0.558     0.567     0.577     0.588     0.599     0.610     0.621     0.631     0.642     0.652     0.661     0.669     0.676     0.683     0.687     0.691     0.693     0.693     0.692     0.689     0.685     0.678     0.670     0.660     0.648     0.634     0.618     0.601     0.581     0.560     0.537     0.513     0.487     0.459     0.430     0.399     0.367     0.334     0.300     0.264     0.228     0.191     0.154     0.116     0.077     0.039     0.586     0.585     0.587     0.590     0.595     0.600     0.606     0.613     0.621     0.628     0.635     0.643     0.649     0.656     0.661     0.666     0.670     0.673     0.674     0.675     0.674     0.671     0.667     0.662     0.654     0.645     0.635     0.623     0.609     0.593     0.576     0.557     0.536     0.514     0.490     0.465     0.438     0.410     0.380     0.350     0.318     0.285     0.252     0.217     0.182     0.146     0.110     0.074     0.037     0.630     0.625     0.622     0.621     0.621     0.622     0.625     0.628     0.631     0.635     0.640     0.644     0.648     0.651     0.654     0.657     0.659     0.659     0.659     0.658     0.655     0.652     0.646     0.640     0.632     0.623     0.612     0.599     0.585     0.569     0.552     0.533     0.513     0.492     0.468     0.444     0.418     0.391     0.363     0.334     0.303     0.272     0.240     0.207     0.174     0.140     0.105     0.070     0.035     0.673     0.663     0.655     0.650     0.646     0.643     0.642     0.642     0.642     0.643     0.644     0.645     0.646     0.647     0.648     0.648     0.648     0.647     0.645     0.642     0.638     0.633     0.627     0.620     0.611     0.601     0.590     0.577     0.563     0.547     0.530     0.512     0.492     0.471     0.448     0.425     0.400     0.374     0.347     0.319     0.290     0.260     0.229     0.198     0.166     0.133     0.100     0.067     0.034     0.712     0.699     0.687     0.677     0.670     0.663     0.658     0.655     0.652     0.649     0.648     0.646     0.645     0.644     0.642     0.640     0.638     0.635     0.632     0.627     0.622     0.616     0.609     0.601     0.591     0.581     0.569     0.556     0.542     0.526     0.509     0.491     0.472     0.451     0.429     0.407     0.383     0.357     0.331     0.304     0.277     0.248     0.218     0.188     0.158     0.127     0.096     0.064     0.032     0.750     0.732     0.716     0.703     0.692     0.682     0.674     0.667     0.661     0.656     0.651     0.647     0.644     0.640     0.636     0.633     0.629     0.624     0.619     0.614     0.607     0.600     0.592     0.583     0.573     0.562     0.550     0.536     0.522     0.506     0.490     0.472     0.453     0.433     0.412     0.389     0.366     0.342     0.317     0.291     0.264     0.237     0.209     0.180     0.151     0.121     0.091     0.061     0.030     0.784     0.763     0.743     0.727     0.712     0.699     0.688     0.678     0.669     0.661     0.654     0.648     0.642     0.636     0.631     0.625     0.620     0.614     0.607     0.600     0.593     0.585     0.576     0.566     0.555     0.544     0.531     0.518     0.503     0.488     0.471     0.454     0.435     0.416     0.395     0.373     0.351     0.328     0.303     0.278     0.253     0.226     0.199     0.172     0.144     0.116     0.087     0.058     0.029     0.816     0.791     0.768     0.748     0.730     0.714     0.700     0.688     0.676     0.666     0.657     0.648     0.640     0.633     0.625     0.618     0.611     0.603     0.596     0.588     0.579     0.570     0.560     0.550     0.539     0.527     0.514     0.500     0.486     0.470     0.454     0.436     0.418     0.399     0.379     0.358     0.336     0.314     0.291     0.267     0.242     0.217     0.191     0.164     0.138     0.111     0.083     0.056     0.028     0.845     0.816     0.790     0.767     0.747     0.728     0.711     0.696     0.683     0.670     0.659     0.648     0.638     0.629     0.620     0.611     0.602     0.593     0.584     0.575     0.566     0.556     0.545     0.534     0.523     0.510     0.497     0.483     0.469     0.453     0.437     0.420     0.402     0.383     0.364     0.344     0.323     0.301     0.278     0.255     0.232     0.207     0.182     0.157     0.132     0.106     0.080     0.053     0.027     0.870     0.839     0.810     0.784     0.761     0.740     0.721     0.703     0.687     0.673     0.659     0.647     0.635     0.624     0.614     0.603     0.593     0.583     0.573     0.563     0.553     0.542     0.531     0.519     0.507     0.495     0.481     0.467     0.453     0.437     0.421     0.404     0.387     0.369     0.350     0.330     0.310     0.288     0.267     0.245     0.222     0.198     0.175     0.150     0.126     0.101     0.076     0.051     0.025     0.892     0.858     0.827     0.799     0.773     0.750     0.728     0.709     0.691     0.674     0.659     0.645     0.632     0.619     0.607     0.596     0.584     0.573     0.562     0.551     0.540     0.529     0.517     0.505     0.492     0.479     0.466     0.452     0.437     0.422     0.406     0.390     0.372     0.354     0.336     0.317     0.297     0.277     0.256     0.234     0.212     0.190     0.167     0.144     0.120     0.097     0.073     0.049     0.024     0.911     0.875     0.841     0.811     0.783     0.757     0.734     0.713     0.693     0.675     0.658     0.642     0.627     0.614     0.600     0.588     0.575     0.563     0.551     0.539     0.527     0.515     0.503     0.491     0.478     0.465     0.451     0.437     0.422     0.407     0.391     0.375     0.358     0.341     0.323     0.304     0.285     0.265     0.245     0.225     0.203     0.182     0.160     0.138     0.115     0.093     0.070     0.046     0.023     0.926     0.888     0.852     0.820     0.790     0.763     0.738     0.715     0.693     0.674     0.655     0.638     0.622     0.607     0.593     0.579     0.566     0.553     0.540     0.527     0.515     0.502     0.490     0.477     0.464     0.450     0.437     0.422     0.408     0.393     0.377     0.361     0.345     0.328     0.310     0.292     0.274     0.255     0.235     0.215     0.195     0.174     0.153     0.132     0.110     0.089     0.067     0.044     0.022     0.938     0.898     0.861     0.826     0.795     0.766     0.739     0.715     0.692     0.671     0.652     0.633     0.616     0.600     0.585     0.570     0.556     0.542     0.529     0.515     0.502     0.489     0.476     0.463     0.450     0.436     0.423     0.408     0.394     0.379     0.364     0.348     0.332     0.315     0.298     0.281     0.263     0.244     0.225     0.206     0.187     0.167     0.147     0.126     0.106     0.085     0.064     0.043     0.021     0.946     0.904     0.866     0.830     0.797     0.767     0.739     0.713     0.689     0.667     0.646     0.627     0.609     0.592     0.576     0.560     0.545     0.531     0.517     0.503     0.490     0.476     0.463     0.450     0.436     0.422     0.409     0.395     0.380     0.365     0.350     0.335     0.319     0.303     0.286     0.269     0.252     0.234     0.216     0.198     0.179     0.160     0.140     0.121     0.101     0.081     0.061     0.041     0.020     0.951     0.908     0.868     0.831     0.797     0.766     0.737     0.710     0.685     0.662     0.640     0.620     0.601     0.583     0.566     0.550     0.534     0.519     0.505     0.491     0.477     0.463     0.450     0.436     0.422     0.409     0.395     0.381     0.367     0.352     0.337     0.322     0.307     0.291     0.275     0.258     0.242     0.224     0.207     0.189     0.171     0.153     0.134     0.116     0.097     0.077     0.058     0.039     0.019     0.952     0.908     0.867     0.829     0.794     0.762     0.732     0.704     0.678     0.654     0.632     0.611     0.591     0.573     0.555     0.539     0.523     0.507     0.492     0.478     0.464     0.450     0.436     0.422     0.409     0.395     0.381     0.367     0.353     0.339     0.324     0.310     0.295     0.279     0.264     0.248     0.231     0.215     0.198     0.181     0.164     0.146     0.128     0.110     0.092     0.074     0.056     0.037     0.019     0.949     0.904     0.863     0.824     0.789     0.756     0.725     0.697     0.670     0.645     0.623     0.601     0.581     0.562     0.544     0.527     0.510     0.495     0.479     0.465     0.450     0.436     0.422     0.409     0.395     0.381     0.368     0.354     0.340     0.326     0.312     0.297     0.283     0.268     0.253     0.237     0.222     0.206     0.189     0.173     0.156     0.140     0.123     0.105     0.088     0.071     0.053     0.035     0.018     0.943     0.898     0.855     0.816     0.780     0.747     0.716     0.687     0.660     0.635     0.612     0.590     0.569     0.550     0.531     0.514     0.497     0.481     0.466     0.451     0.437     0.423     0.409     0.395     0.381     0.368     0.354     0.341     0.327     0.313     0.299     0.285     0.271     0.257     0.242     0.227     0.212     0.197     0.181     0.165     0.149     0.133     0.117     0.101     0.084     0.067     0.051     0.034     0.017     0.933     0.887     0.845     0.806     0.769     0.736     0.704     0.675     0.648     0.623     0.599     0.577     0.556     0.536     0.518     0.500     0.483     0.467     0.452     0.437     0.422     0.408     0.395     0.381     0.367     0.354     0.341     0.327     0.314     0.300     0.287     0.273     0.259     0.245     0.231     0.217     0.202     0.188     0.173     0.158     0.142     0.127     0.112     0.096     0.080     0.064     0.048     0.032     0.016     0.919     0.874     0.832     0.792     0.756     0.722     0.691     0.661     0.634     0.609     0.585     0.563     0.542     0.522     0.503     0.486     0.469     0.453     0.437     0.422     0.408     0.394     0.380     0.367     0.353     0.340     0.327     0.314     0.301     0.288     0.275     0.261     0.248     0.234     0.221     0.207     0.193     0.179     0.165     0.150     0.136     0.121     0.106     0.091     0.076     0.061     0.046     0.031     0.015     0.902     0.857     0.815     0.776     0.740     0.706     0.675     0.646     0.618     0.593     0.569     0.547     0.526     0.506     0.488     0.470     0.453     0.437     0.422     0.407     0.393     0.379     0.365     0.352     0.339     0.326     0.313     0.300     0.288     0.275     0.262     0.249     0.236     0.223     0.210     0.197     0.184     0.170     0.157     0.143     0.129     0.115     0.101     0.087     0.072     0.058     0.044     0.029     0.015     0.882     0.837     0.796     0.757     0.721     0.688     0.657     0.628     0.601     0.576     0.552     0.530     0.509     0.490     0.471     0.454     0.437     0.421     0.406     0.391     0.377     0.364     0.350     0.337     0.324     0.312     0.299     0.287     0.275     0.262     0.250     0.238     0.225     0.213     0.200     0.187     0.175     0.162     0.149     0.136     0.122     0.109     0.096     0.082     0.069     0.055     0.041     0.028     0.014     0.858     0.814     0.773     0.735     0.700     0.667     0.637     0.608     0.581     0.557     0.533     0.512     0.491     0.472     0.454     0.436     0.420     0.404     0.390     0.375     0.361     0.348     0.335     0.322     0.310     0.297     0.285     0.273     0.261     0.249     0.238     0.226     0.214     0.202     0.190     0.178     0.165     0.153     0.141     0.128     0.116     0.103     0.091     0.078     0.065     0.052     0.039     0.026     0.013     0.830     0.788     0.748     0.711     0.676     0.644     0.614     0.586     0.560     0.536     0.513     0.492     0.472     0.453     0.435     0.418     0.402     0.387     0.372     0.358     0.345     0.332     0.319     0.307     0.295     0.283     0.271     0.259     0.248     0.236     0.225     0.214     0.202     0.191     0.179     0.168     0.156     0.145     0.133     0.121     0.109     0.097     0.085     0.073     0.061     0.049     0.037     0.025     0.012     0.800     0.758     0.720     0.684     0.650     0.619     0.590     0.563     0.537     0.514     0.492     0.471     0.451     0.433     0.416     0.399     0.383     0.369     0.354     0.341     0.328     0.315     0.303     0.291     0.279     0.268     0.257     0.245     0.234     0.223     0.213     0.202     0.191     0.180     0.169     0.158     0.147     0.136     0.125     0.114     0.103     0.092     0.080     0.069     0.058     0.046     0.035     0.023     0.012     0.766     0.726     0.689     0.654     0.622     0.592     0.564     0.537     0.513     0.490     0.468     0.448     0.429     0.412     0.395     0.379     0.364     0.350     0.336     0.323     0.310     0.298     0.286     0.275     0.264     0.253     0.242     0.231     0.221     0.210     0.200     0.190     0.179     0.169     0.159     0.149     0.138     0.128     0.117     0.107     0.096     0.086     0.075     0.065     0.054     0.043     0.032     0.022     0.011     0.729     0.691     0.655     0.622     0.591     0.562     0.535     0.510     0.487     0.465     0.444     0.425     0.407     0.389     0.373     0.358     0.344     0.330     0.317     0.304     0.292     0.281     0.269     0.258     0.248     0.237     0.227     0.217     0.207     0.197     0.187     0.178     0.168     0.158     0.149     0.139     0.129     0.119     0.110     0.100     0.090     0.080     0.070     0.060     0.050     0.040     0.030     0.020     0.010     0.690     0.653     0.619     0.588     0.558     0.531     0.505     0.481     0.459     0.438     0.418     0.400     0.383     0.366     0.351     0.336     0.323     0.310     0.297     0.285     0.274     0.263     0.252     0.242     0.231     0.222     0.212     0.202     0.193     0.184     0.175     0.165     0.156     0.147     0.138     0.129     0.120     0.111     0.102     0.093     0.084     0.074     0.065     0.056     0.047     0.037     0.028     0.019     0.009     0.648     0.613     0.581     0.551     0.524     0.498     0.473     0.451     0.430     0.410     0.391     0.374     0.357     0.342     0.328     0.314     0.301     0.288     0.277     0.265     0.255     0.244     0.234     0.224     0.215     0.206     0.197     0.188     0.179     0.170     0.162     0.153     0.145     0.136     0.128     0.119     0.111     0.103     0.094     0.086     0.077     0.069     0.060     0.052     0.043     0.035     0.026     0.017     0.009     0.603     0.571     0.541     0.513     0.487     0.463     0.440     0.419     0.399     0.380     0.363     0.347     0.331     0.317     0.303     0.291     0.278     0.267     0.256     0.245     0.235     0.225     0.216     0.207     0.198     0.189     0.181     0.173     0.165     0.157     0.149     0.141     0.133     0.125     0.117     0.110     0.102     0.094     0.086     0.079     0.071     0.063     0.055     0.047     0.040     0.032     0.024     0.016     0.008     0.556     0.526     0.498     0.473     0.448     0.426     0.405     0.385     0.367     0.350     0.334     0.319     0.304     0.291     0.278     0.267     0.255     0.245     0.234     0.225     0.215     0.206     0.198     0.189     0.181     0.173     0.165     0.158     0.150     0.143     0.136     0.128     0.121     0.114     0.107     0.100     0.093     0.086     0.079     0.072     0.064     0.057     0.050     0.043     0.036     0.029     0.022     0.014     0.007     0.507     0.479     0.454     0.430     0.408     0.388     0.369     0.351     0.334     0.318     0.303     0.290     0.277     0.264     0.253     0.242     0.232     0.222     0.212     0.203     0.195     0.187     0.179     0.171     0.164     0.156     0.149     0.142     0.136     0.129     0.122     0.116     0.109     0.103     0.096     0.090     0.084     0.077     0.071     0.064     0.058     0.052     0.045     0.039     0.032     0.026     0.019     0.013     0.006     0.455     0.431     0.408     0.387     0.367     0.348     0.331     0.315     0.300     0.285     0.272     0.260     0.248     0.237     0.226     0.217     0.207     0.198     0.190     0.182     0.174     0.167     0.160     0.153     0.146     0.140     0.133     0.127     0.121     0.115     0.109     0.103     0.097     0.092     0.086     0.080     0.074     0.069     0.063     0.057     0.052     0.046     0.040     0.034     0.029     0.023     0.017     0.012     0.006     0.403     0.381     0.361     0.342     0.324     0.308     0.292     0.278     0.264     0.252     0.240     0.229     0.218     0.209     0.199     0.191     0.182     0.175     0.167     0.160     0.153     0.147     0.140     0.134     0.128     0.123     0.117     0.112     0.106     0.101     0.096     0.091     0.085     0.080     0.075     0.070     0.065     0.060     0.055     0.050     0.045     0.040     0.035     0.030     0.025     0.020     0.015     0.010     0.005     0.348     0.329     0.312     0.295     0.280     0.266     0.252     0.240     0.228     0.217     0.207     0.198     0.188     0.180     0.172     0.164     0.157     0.150     0.144     0.138     0.132     0.126     0.121     0.116     0.110     0.105     0.101     0.096     0.091     0.087     0.082     0.078     0.073     0.069     0.065     0.060     0.056     0.052     0.047     0.043     0.039     0.034     0.030     0.026     0.022     0.017     0.013     0.009     0.004     0.292     0.276     0.261     0.248     0.235     0.223     0.212     0.201     0.191     0.182     0.174     0.166     0.158     0.151     0.144     0.138     0.132     0.126     0.120     0.115     0.110     0.106     0.101     0.097     0.092     0.088     0.084     0.080     0.076     0.072     0.069     0.065     0.061     0.058     0.054     0.050     0.047     0.043     0.040     0.036     0.032     0.029     0.025     0.022     0.018     0.014     0.011     0.007     0.004     0.235     0.222     0.210     0.199     0.189     0.179     0.170     0.162     0.154     0.146     0.140     0.133     0.127     0.121     0.116     0.111     0.106     0.101     0.097     0.093     0.089     0.085     0.081     0.077     0.074     0.071     0.067     0.064     0.061     0.058     0.055     0.052     0.049     0.046     0.043     0.040     0.037     0.035     0.032     0.029     0.026     0.023     0.020     0.017     0.014     0.012     0.009     0.006     0.003     0.177     0.167     0.158     0.150     0.142     0.135     0.128     0.122     0.116     0.110     0.105     0.100     0.096     0.091     0.087     0.083     0.080     0.076     0.073     0.070     0.067     0.064     0.061     0.058     0.056     0.053     0.051     0.048     0.046     0.044     0.041     0.039     0.037     0.035     0.032     0.030     0.028     0.026     0.024     0.022     0.019     0.017     0.015     0.013     0.011     0.009     0.006     0.004     0.002     0.118     0.112     0.106     0.100     0.095     0.090     0.086     0.081     0.077     0.074     0.070     0.067     0.064     0.061     0.058     0.056     0.053     0.051     0.049     0.046     0.044     0.043     0.041     0.039     0.037     0.035     0.034     0.032     0.031     0.029     0.028     0.026     0.025     0.023     0.022     0.020     0.019     0.017     0.016     0.014     0.013     0.012     0.010     0.009     0.007     0.006     0.004     0.003     0.001     0.059     0.056     0.053     0.050     0.048     0.045     0.043     0.041     0.039     0.037     0.035     0.034     0.032     0.030     0.029     0.028     0.027     0.025     0.024     0.023     0.022     0.021     0.020     0.019     0.019     0.018     0.017     0.016     0.015     0.015     0.014     0.013     0.012     0.012     0.011     0.010     0.009     0.009     0.008     0.007     0.006     0.006     0.005     0.004     0.004     0.003     0.002     0.001     0.001     >

