<     0.118     0.173     0.228     0.283     0.336     0.389     0.441     0.491     0.539     0.586     0.631     0.673     0.713     0.750     0.785     0.817     0.845     0.871     0.893     0.912     0.927     0.939     0.947     0.952     0.953     0.950     0.944     0.934     0.920     0.903     0.882     0.858     0.831     0.800     0.767     0.730     0.690     0.648     0.603     0.556     0.507     0.456     0.403     0.348     0.292     0.235     0.177     0.119     0.059     0.173     0.221     0.269     0.317     0.365     0.411     0.457     0.501     0.545     0.586     0.626     0.664     0.699     0.733     0.764     0.792     0.817     0.840     0.859     0.876     0.889     0.899     0.906     0.909     0.909     0.906     0.899     0.889     0.875     0.858     0.838     0.815     0.789     0.759     0.727     0.692     0.654     0.614     0.572     0.527     0.480     0.432     0.381     0.330     0.277     0.223     0.168     0.112     0.056     0.228     0.269     0.311     0.352     0.394     0.434     0.474     0.513     0.551     0.588     0.623     0.657     0.688     0.718     0.745     0.770     0.792     0.812     0.829     0.843     0.854     0.862     0.868     0.870     0.869     0.865     0.857     0.847     0.833     0.817     0.797     0.775     0.749     0.721     0.690     0.657     0.621     0.583     0.542     0.500     0.455     0.409     0.361     0.312     0.262     0.211     0.159     0.106     0.053     0.283     0.317     0.352     0.388     0.423     0.458     0.493     0.527     0.560     0.592     0.622     0.652     0.679     0.705     0.728     0.750     0.769     0.786     0.801     0.813     0.822     0.829     0.833     0.833     0.831     0.827     0.819     0.808     0.795     0.778     0.759     0.737     0.713     0.686     0.656     0.624     0.590     0.553     0.515     0.474     0.432     0.388     0.343     0.296     0.249     0.200     0.151     0.101     0.050     0.336     0.365     0.394     0.423     0.453     0.482     0.512     0.541     0.569     0.596     0.623     0.648     0.672     0.694     0.714     0.733     0.749     0.764     0.776     0.786     0.793     0.798     0.800     0.800     0.797     0.792     0.783     0.772     0.759     0.743     0.724     0.703     0.679     0.653     0.624     0.593     0.561     0.526     0.489     0.450     0.410     0.368     0.325     0.281     0.236     0.190     0.143     0.096     0.048     0.389     0.411     0.434     0.458     0.482     0.507     0.531     0.555     0.579     0.602     0.625     0.646     0.666     0.685     0.702     0.717     0.731     0.743     0.753     0.761     0.766     0.770     0.771     0.769     0.765     0.759     0.750     0.739     0.726     0.710     0.691     0.670     0.647     0.622     0.595     0.565     0.533     0.500     0.465     0.428     0.390     0.350     0.309     0.267     0.224     0.180     0.136     0.091     0.045     0.441     0.457     0.474     0.493     0.512     0.531     0.551     0.570     0.590     0.609     0.627     0.645     0.661     0.677     0.691     0.704     0.715     0.724     0.732     0.738     0.742     0.744     0.743     0.741     0.736     0.729     0.720     0.708     0.695     0.679     0.661     0.640     0.618     0.593     0.567     0.539     0.508     0.476     0.443     0.407     0.371     0.333     0.294     0.254     0.213     0.171     0.129     0.086     0.043     0.491     0.501     0.513     0.527     0.541     0.555     0.570     0.586     0.601     0.616     0.631     0.645     0.658     0.670     0.682     0.692     0.700     0.707     0.713     0.717     0.719     0.720     0.718     0.714     0.709     0.701     0.692     0.680     0.666     0.650     0.632     0.612     0.591     0.567     0.541     0.514     0.485     0.454     0.422     0.388     0.353     0.317     0.280     0.242     0.203     0.163     0.123     0.082     0.041     0.539     0.545     0.551     0.560     0.569     0.579     0.590     0.601     0.612     0.624     0.635     0.645     0.655     0.665     0.673     0.681     0.687     0.692     0.696     0.698     0.698     0.697     0.695     0.690     0.684     0.675     0.665     0.653     0.639     0.623     0.606     0.586     0.565     0.542     0.517     0.491     0.463     0.433     0.402     0.370     0.337     0.302     0.267     0.230     0.193     0.155     0.117     0.078     0.039     0.586     0.586     0.588     0.592     0.596     0.602     0.609     0.616     0.624     0.631     0.639     0.646     0.654     0.660     0.666     0.671     0.675     0.678     0.680     0.680     0.679     0.677     0.673     0.667     0.660     0.651     0.641     0.628     0.614     0.599     0.581     0.562     0.541     0.519     0.495     0.469     0.442     0.414     0.384     0.353     0.321     0.288     0.254     0.220     0.184     0.148     0.111     0.074     0.037     0.631     0.626     0.623     0.622     0.623     0.625     0.627     0.631     0.635     0.639     0.643     0.648     0.652     0.656     0.659     0.662     0.664     0.665     0.665     0.664     0.661     0.658     0.653     0.646     0.638     0.629     0.618     0.605     0.591     0.575     0.558     0.539     0.519     0.497     0.474     0.449     0.423     0.396     0.367     0.338     0.307     0.275     0.243     0.210     0.176     0.141     0.106     0.071     0.036     0.673     0.664     0.657     0.652     0.648     0.646     0.645     0.645     0.645     0.646     0.648     0.650     0.651     0.652     0.653     0.654     0.654     0.653     0.651     0.649     0.645     0.640     0.634     0.626     0.618     0.608     0.596     0.583     0.569     0.554     0.536     0.518     0.498     0.477     0.454     0.430     0.405     0.379     0.351     0.323     0.293     0.263     0.232     0.200     0.168     0.135     0.101     0.068     0.034     0.713     0.699     0.688     0.679     0.672     0.666     0.661     0.658     0.655     0.654     0.652     0.651     0.650     0.649     0.648     0.646     0.644     0.642     0.638     0.634     0.629     0.623     0.616     0.608     0.599     0.588     0.576     0.563     0.549     0.533     0.516     0.498     0.478     0.457     0.435     0.412     0.388     0.363     0.336     0.309     0.281     0.251     0.222     0.191     0.160     0.129     0.097     0.065     0.032     0.750     0.733     0.718     0.705     0.694     0.685     0.677     0.670     0.665     0.660     0.656     0.652     0.649     0.646     0.643     0.639     0.635     0.631     0.626     0.621     0.614     0.607     0.599     0.590     0.580     0.569     0.557     0.544     0.529     0.514     0.497     0.479     0.460     0.439     0.418     0.396     0.372     0.347     0.322     0.296     0.269     0.241     0.212     0.183     0.153     0.123     0.093     0.062     0.031     0.785     0.764     0.745     0.728     0.714     0.702     0.691     0.682     0.673     0.666     0.659     0.653     0.648     0.643     0.637     0.632     0.627     0.621     0.615     0.608     0.600     0.592     0.584     0.574     0.563     0.552     0.539     0.526     0.511     0.496     0.479     0.461     0.442     0.422     0.402     0.380     0.357     0.333     0.309     0.283     0.257     0.230     0.203     0.175     0.147     0.118     0.089     0.059     0.030     0.817     0.792     0.770     0.750     0.733     0.717     0.704     0.692     0.681     0.671     0.662     0.654     0.646     0.639     0.632     0.625     0.618     0.611     0.603     0.595     0.587     0.578     0.568     0.558     0.547     0.535     0.522     0.508     0.494     0.478     0.462     0.444     0.426     0.406     0.386     0.365     0.343     0.320     0.296     0.272     0.247     0.221     0.194     0.168     0.140     0.113     0.085     0.057     0.028     0.845     0.817     0.792     0.769     0.749     0.731     0.715     0.700     0.687     0.675     0.664     0.654     0.644     0.635     0.627     0.618     0.610     0.601     0.592     0.583     0.574     0.564     0.554     0.543     0.531     0.519     0.506     0.492     0.477     0.462     0.445     0.428     0.410     0.391     0.371     0.351     0.329     0.307     0.284     0.261     0.236     0.212     0.186     0.161     0.134     0.108     0.081     0.054     0.027     0.871     0.840     0.812     0.786     0.764     0.743     0.724     0.707     0.692     0.678     0.665     0.653     0.642     0.631     0.621     0.611     0.601     0.591     0.582     0.572     0.561     0.551     0.540     0.528     0.516     0.504     0.490     0.476     0.462     0.446     0.430     0.413     0.395     0.376     0.357     0.337     0.316     0.295     0.273     0.250     0.227     0.203     0.179     0.154     0.129     0.103     0.078     0.052     0.026     0.893     0.859     0.829     0.801     0.776     0.753     0.732     0.713     0.696     0.680     0.665     0.651     0.638     0.626     0.615     0.603     0.592     0.582     0.571     0.560     0.549     0.538     0.526     0.514     0.502     0.489     0.475     0.461     0.446     0.431     0.415     0.398     0.381     0.362     0.344     0.324     0.304     0.283     0.262     0.240     0.218     0.195     0.171     0.148     0.123     0.099     0.075     0.050     0.025     0.912     0.876     0.843     0.813     0.786     0.761     0.738     0.717     0.698     0.680     0.664     0.649     0.634     0.621     0.608     0.595     0.583     0.572     0.560     0.548     0.537     0.525     0.513     0.500     0.487     0.474     0.461     0.446     0.432     0.416     0.400     0.384     0.367     0.349     0.331     0.312     0.292     0.272     0.251     0.230     0.209     0.187     0.164     0.141     0.118     0.095     0.071     0.048     0.024     0.927     0.889     0.854     0.822     0.793     0.766     0.742     0.719     0.698     0.679     0.661     0.645     0.629     0.614     0.600     0.587     0.574     0.561     0.549     0.537     0.524     0.512     0.499     0.487     0.474     0.460     0.446     0.432     0.417     0.402     0.386     0.370     0.353     0.336     0.318     0.300     0.281     0.261     0.242     0.221     0.200     0.179     0.158     0.136     0.113     0.091     0.068     0.046     0.023     0.939     0.899     0.862     0.829     0.798     0.770     0.744     0.720     0.697     0.677     0.658     0.640     0.623     0.607     0.592     0.578     0.564     0.551     0.538     0.525     0.512     0.499     0.486     0.473     0.460     0.446     0.432     0.418     0.404     0.388     0.373     0.357     0.341     0.324     0.306     0.288     0.270     0.251     0.232     0.212     0.192     0.172     0.151     0.130     0.109     0.087     0.066     0.044     0.022     0.947     0.906     0.868     0.833     0.800     0.771     0.743     0.718     0.695     0.673     0.653     0.634     0.616     0.599     0.584     0.568     0.554     0.540     0.526     0.513     0.499     0.486     0.473     0.460     0.446     0.432     0.419     0.404     0.390     0.375     0.360     0.344     0.328     0.311     0.294     0.277     0.259     0.241     0.223     0.204     0.184     0.165     0.145     0.125     0.104     0.084     0.063     0.042     0.021     0.952     0.909     0.870     0.833     0.800     0.769     0.741     0.714     0.690     0.667     0.646     0.626     0.608     0.590     0.574     0.558     0.543     0.528     0.514     0.500     0.487     0.473     0.460     0.446     0.433     0.419     0.405     0.391     0.376     0.362     0.347     0.331     0.316     0.300     0.283     0.266     0.249     0.231     0.214     0.195     0.177     0.158     0.139     0.119     0.100     0.080     0.060     0.040     0.020     0.953     0.909     0.869     0.831     0.797     0.765     0.736     0.709     0.684     0.660     0.638     0.618     0.599     0.580     0.563     0.547     0.531     0.516     0.502     0.487     0.474     0.460     0.446     0.433     0.419     0.405     0.391     0.377     0.363     0.349     0.334     0.319     0.304     0.288     0.272     0.256     0.239     0.222     0.205     0.187     0.169     0.151     0.133     0.114     0.096     0.077     0.058     0.038     0.019     0.950     0.906     0.865     0.827     0.792     0.759     0.729     0.701     0.675     0.651     0.629     0.608     0.588     0.569     0.552     0.535     0.519     0.504     0.489     0.474     0.460     0.446     0.432     0.419     0.405     0.392     0.378     0.364     0.350     0.336     0.321     0.307     0.292     0.276     0.261     0.245     0.229     0.213     0.196     0.179     0.162     0.145     0.127     0.109     0.091     0.073     0.055     0.037     0.018     0.944     0.899     0.857     0.819     0.783     0.750     0.720     0.692     0.665     0.641     0.618     0.596     0.576     0.557     0.539     0.522     0.506     0.490     0.475     0.461     0.446     0.432     0.419     0.405     0.391     0.378     0.364     0.351     0.337     0.323     0.309     0.294     0.280     0.265     0.250     0.235     0.219     0.204     0.188     0.171     0.155     0.138     0.121     0.104     0.087     0.070     0.053     0.035     0.018     0.934     0.889     0.847     0.808     0.772     0.739     0.708     0.680     0.653     0.628     0.605     0.583     0.563     0.544     0.526     0.508     0.492     0.476     0.461     0.446     0.432     0.418     0.404     0.391     0.377     0.364     0.351     0.337     0.324     0.310     0.296     0.282     0.268     0.254     0.240     0.225     0.210     0.195     0.179     0.164     0.148     0.132     0.116     0.100     0.083     0.067     0.050     0.033     0.017     0.920     0.875     0.833     0.795     0.759     0.726     0.695     0.666     0.639     0.614     0.591     0.569     0.549     0.529     0.511     0.494     0.477     0.462     0.446     0.432     0.417     0.404     0.390     0.376     0.363     0.350     0.337     0.324     0.311     0.297     0.284     0.270     0.257     0.243     0.229     0.215     0.200     0.186     0.171     0.156     0.141     0.126     0.111     0.095     0.079     0.064     0.048     0.032     0.016     0.903     0.858     0.817     0.778     0.743     0.710     0.679     0.650     0.623     0.599     0.575     0.554     0.533     0.514     0.496     0.478     0.462     0.446     0.431     0.416     0.402     0.388     0.375     0.362     0.349     0.336     0.323     0.310     0.297     0.284     0.271     0.258     0.245     0.232     0.218     0.205     0.191     0.177     0.163     0.149     0.134     0.120     0.105     0.090     0.075     0.061     0.045     0.030     0.015     0.882     0.838     0.797     0.759     0.724     0.691     0.661     0.632     0.606     0.581     0.558     0.536     0.516     0.497     0.479     0.462     0.445     0.430     0.415     0.400     0.386     0.373     0.360     0.347     0.334     0.321     0.309     0.296     0.284     0.271     0.259     0.246     0.234     0.221     0.208     0.195     0.182     0.168     0.155     0.141     0.128     0.114     0.100     0.086     0.072     0.057     0.043     0.029     0.014     0.858     0.815     0.775     0.737     0.703     0.670     0.640     0.612     0.586     0.562     0.539     0.518     0.498     0.479     0.461     0.444     0.428     0.413     0.398     0.384     0.370     0.357     0.344     0.331     0.319     0.307     0.294     0.282     0.270     0.258     0.246     0.234     0.222     0.210     0.197     0.185     0.172     0.160     0.147     0.134     0.121     0.108     0.095     0.081     0.068     0.054     0.041     0.027     0.014     0.831     0.789     0.749     0.713     0.679     0.647     0.618     0.591     0.565     0.541     0.519     0.498     0.478     0.460     0.442     0.426     0.410     0.395     0.381     0.367     0.353     0.341     0.328     0.316     0.304     0.292     0.280     0.268     0.257     0.245     0.234     0.222     0.210     0.199     0.187     0.175     0.163     0.151     0.139     0.127     0.114     0.102     0.089     0.077     0.064     0.051     0.039     0.026     0.013     0.800     0.759     0.721     0.686     0.653     0.622     0.593     0.567     0.542     0.519     0.497     0.477     0.457     0.439     0.422     0.406     0.391     0.376     0.362     0.349     0.336     0.324     0.311     0.300     0.288     0.276     0.265     0.254     0.243     0.232     0.221     0.210     0.199     0.188     0.176     0.165     0.154     0.142     0.131     0.119     0.108     0.096     0.084     0.072     0.060     0.048     0.036     0.024     0.012     0.767     0.727     0.690     0.656     0.624     0.595     0.567     0.541     0.517     0.495     0.474     0.454     0.435     0.418     0.402     0.386     0.371     0.357     0.344     0.331     0.318     0.306     0.294     0.283     0.272     0.261     0.250     0.240     0.229     0.218     0.208     0.197     0.187     0.176     0.166     0.155     0.145     0.134     0.123     0.112     0.101     0.090     0.079     0.068     0.057     0.045     0.034     0.023     0.011     0.730     0.692     0.657     0.624     0.593     0.565     0.539     0.514     0.491     0.469     0.449     0.430     0.412     0.396     0.380     0.365     0.351     0.337     0.324     0.312     0.300     0.288     0.277     0.266     0.256     0.245     0.235     0.225     0.215     0.205     0.195     0.185     0.175     0.165     0.155     0.145     0.135     0.125     0.115     0.105     0.094     0.084     0.074     0.063     0.053     0.042     0.032     0.021     0.011     0.690     0.654     0.621     0.590     0.561     0.533     0.508     0.485     0.463     0.442     0.423     0.405     0.388     0.372     0.357     0.343     0.329     0.316     0.304     0.292     0.281     0.270     0.259     0.249     0.239     0.229     0.219     0.210     0.200     0.191     0.182     0.172     0.163     0.154     0.145     0.135     0.126     0.116     0.107     0.097     0.088     0.078     0.069     0.059     0.049     0.039     0.030     0.020     0.010     0.648     0.614     0.583     0.553     0.526     0.500     0.476     0.454     0.433     0.414     0.396     0.379     0.363     0.347     0.333     0.320     0.307     0.295     0.283     0.272     0.261     0.251     0.241     0.231     0.222     0.213     0.204     0.195     0.186     0.177     0.168     0.160     0.151     0.142     0.134     0.125     0.116     0.108     0.099     0.090     0.081     0.072     0.063     0.054     0.045     0.036     0.027     0.018     0.009     0.603     0.572     0.542     0.515     0.489     0.465     0.443     0.422     0.402     0.384     0.367     0.351     0.336     0.322     0.309     0.296     0.284     0.273     0.262     0.251     0.242     0.232     0.223     0.214     0.205     0.196     0.188     0.179     0.171     0.163     0.155     0.147     0.139     0.131     0.123     0.115     0.107     0.099     0.091     0.083     0.075     0.066     0.058     0.050     0.042     0.033     0.025     0.017     0.008     0.556     0.527     0.500     0.474     0.450     0.428     0.407     0.388     0.370     0.353     0.338     0.323     0.309     0.296     0.283     0.272     0.261     0.250     0.240     0.230     0.221     0.212     0.204     0.195     0.187     0.179     0.171     0.164     0.156     0.149     0.141     0.134     0.127     0.119     0.112     0.105     0.097     0.090     0.083     0.075     0.068     0.060     0.053     0.045     0.038     0.030     0.023     0.015     0.008     0.507     0.480     0.455     0.432     0.410     0.390     0.371     0.353     0.337     0.321     0.307     0.293     0.281     0.269     0.257     0.247     0.236     0.227     0.218     0.209     0.200     0.192     0.184     0.177     0.169     0.162     0.155     0.148     0.141     0.134     0.128     0.121     0.114     0.108     0.101     0.094     0.088     0.081     0.075     0.068     0.061     0.054     0.048     0.041     0.034     0.027     0.021     0.014     0.007     0.456     0.432     0.409     0.388     0.368     0.350     0.333     0.317     0.302     0.288     0.275     0.263     0.251     0.241     0.230     0.221     0.212     0.203     0.195     0.187     0.179     0.172     0.165     0.158     0.151     0.145     0.138     0.132     0.126     0.120     0.114     0.108     0.102     0.096     0.090     0.084     0.078     0.072     0.066     0.060     0.054     0.048     0.042     0.036     0.030     0.024     0.018     0.012     0.006     0.403     0.381     0.361     0.343     0.325     0.309     0.294     0.280     0.267     0.254     0.243     0.232     0.222     0.212     0.203     0.194     0.186     0.179     0.171     0.164     0.158     0.151     0.145     0.139     0.133     0.127     0.121     0.116     0.111     0.105     0.100     0.095     0.089     0.084     0.079     0.074     0.069     0.063     0.058     0.053     0.048     0.042     0.037     0.032     0.027     0.021     0.016     0.011     0.005     0.348     0.330     0.312     0.296     0.281     0.267     0.254     0.242     0.230     0.220     0.210     0.200     0.191     0.183     0.175     0.168     0.161     0.154     0.148     0.141     0.136     0.130     0.125     0.119     0.114     0.109     0.104     0.100     0.095     0.090     0.086     0.081     0.077     0.072     0.068     0.063     0.059     0.054     0.050     0.045     0.041     0.036     0.032     0.027     0.023     0.018     0.014     0.009     0.005     0.292     0.277     0.262     0.249     0.236     0.224     0.213     0.203     0.193     0.184     0.176     0.168     0.160     0.153     0.147     0.140     0.134     0.129     0.123     0.118     0.113     0.109     0.104     0.100     0.096     0.091     0.087     0.083     0.079     0.075     0.072     0.068     0.064     0.060     0.057     0.053     0.049     0.045     0.042     0.038     0.034     0.030     0.027     0.023     0.019     0.015     0.011     0.008     0.004     0.235     0.223     0.211     0.200     0.190     0.180     0.171     0.163     0.155     0.148     0.141     0.135     0.129     0.123     0.118     0.113     0.108     0.103     0.099     0.095     0.091     0.087     0.084     0.080     0.077     0.073     0.070     0.067     0.064     0.061     0.057     0.054     0.051     0.048     0.045     0.042     0.039     0.036     0.033     0.030     0.027     0.024     0.021     0.018     0.015     0.012     0.009     0.006     0.003     0.177     0.168     0.159     0.151     0.143     0.136     0.129     0.123     0.117     0.111     0.106     0.101     0.097     0.093     0.089     0.085     0.081     0.078     0.075     0.071     0.068     0.066     0.063     0.060     0.058     0.055     0.053     0.050     0.048     0.045     0.043     0.041     0.039     0.036     0.034     0.032     0.030     0.027     0.025     0.023     0.021     0.018     0.016     0.014     0.011     0.009     0.007     0.005     0.002     0.119     0.112     0.106     0.101     0.096     0.091     0.086     0.082     0.078     0.074     0.071     0.068     0.065     0.062     0.059     0.057     0.054     0.052     0.050     0.048     0.046     0.044     0.042     0.040     0.038     0.037     0.035     0.033     0.032     0.030     0.029     0.027     0.026     0.024     0.023     0.021     0.020     0.018     0.017     0.015     0.014     0.012     0.011     0.009     0.008     0.006     0.005     0.003     0.002     0.059     0.056     0.053     0.050     0.048     0.045     0.043     0.041     0.039     0.037     0.036     0.034     0.032     0.031     0.030     0.028     0.027     0.026     0.025     0.024     0.023     0.022     0.021     0.020     0.019     0.018     0.018     0.017     0.016     0.015     0.014     0.014     0.013     0.012     0.011     0.011     0.010     0.009     0.008     0.008     0.007     0.006     0.005     0.005     0.004     0.003     0.002     0.002     0.001     >
